n = 8
c_name:
学号  姓名  性别  篮球  五十米  得分一  乒乓球  得分二  

c_elemtype:
char  char  char  int  float  int  int  int  

1  袁梦  女  85  9.2  66  12  80  ;
2  王璐得  女  70  9  72  13  85  ;
3  周真渝  女  100  8.7  81  16  100  ;
4  张佳弛  女  60  8.4  90  16  100  ;
5  杜燕  女  60  9  72  8  60  ;
6  任露  女  60  8.3  92  10  70  ;
7  励唯佳  女  70  8.7  81  16  100  ;
8  袁蜀波  女  70  9.7  40  16  100  ;
9  陈燕妮  女  90  9.6  40  16  100  ;
10  方瑜璐  女  100  9.3  63  16  100  ;
11  陈维诃  女  100  10  20  16  100  ;
12  戴菱怡  女  0  9.3  44  16  100  ;
13  陈烨  女  0  9  65  16  100  ;
14  马鉴琛  女  60  7.7  100  8  60  ;
15  朱婧  女  80  9.2  66  16  100  ;
16  汪思男  女  70  10  20  10  70  ;
17  谢静含  女  70  9.9  30  19  100  ;
18  黎琴  女  55  9.6  40  17  100  ;
19  张媛媛  女  85  8.9  75  16  100  ;
20  宣朝霞  女  55  9.6  40  8  60  ;
21  陈梦  女  100  8.4  90  15  95  ;
22  崔挺挺  女  85  8.1  94  16  100  ;
23  毛汝欣  女  80  8.4  90  16  100  ;
24  郑娜  女  70  9.2  66  14  90  ;
25  王语婷  女  0  8.8  78  13  85  ;
26  徐佳超  女  0  0  0  15  95  ;
27  黄憬晶  女  100  8.8  78  8  60  ;
28  金晓雁  女  60  7.9  98  16  100  ;
29  张阳婕  女  50  9.5  50  10  70  ;
30  俞巧雅  女  65  8.6  84  12  80  ;
31  徐碧蓉  女  50  10  20  16  100  ;
32  阮佳妮  女  85  8.4  90  16  100  ;
33  陈洁  女  60  11  5  13  85  ;
34  盛晓虹  女  80  8.8  85  11  75  ;
35  谢青峄  女  85  9.3  80  16  100  ;
36  滕玲  女  90  7.6  100  16  100  ;
37  阮艳微  女  85  0  0  20  100  ;
38  闻淑敏  女  80  8.6  84  16  100  ;
39  张静晓  女  100  8  96  16  100  ;
40  杨方芳  女  0  10.3  10  6  50  ;
41  叶雅  女  50  9.2  66  16  100  ;
42  吴琼  女  80  9.5  50  20  100  ;
